Ticker: MSFT
0.8845616148003915
0.8247568063709171
0.7301809461406027
0.8108482795393712
1.0
0.9443669537859153
0.8623085024259676
0.8289290991423561
0.7732960529282715
0.7065367158049994
0.8122393975005504
0.8331013919137953
0.7677326421956532
0.9360223682430371
0.9429763663807854
0.9193321360451822
0.3143252786082454
0.10987444391094087
0.2239217111493701
0.0
0.12239185278130744
0.16689807753015548
0.20027801136981613
0.2851181680960731
0.27955475736345475
0.2726007592257065
0.30598016250931787
0.27538246459201565
0.37413061759376914
0.4826144740995801
0.4422810726782204
0.4353265439844229
0.4311542512129838
0.4812238866944501
0.521557818671859
0.5132127025729316
0.499304706297435
0.5090404098014925
0.4798327687332709
0.48400559206075927
0.40055602273963226
0.36995832482233004
0.3769123229600783
0.2726007592257065
0.3407506837541085
0.22670341651567927
0.219749418377931
0.0862307441313869
0.13630037961285324
0.16133519735358642
0.1808066043617013
0.2920721662338214
0.2628650557216491
0.34492350708159686
0.3421418017152877
0.34770521244790603
0.14742667052204061
0.11265614927725003
0.07927674599363864
0.07788562803245942
0.03616110864992055

